76561197960315754
76561197960318868
76561197960312643
76561197960319271
76561197960297519
76561197960294644
76561197960301572
76561197960302796
76561197960319158
76561197960318629
76561197960300455
76561197960314854
76561197960307209
76561197960316295
76561197960308612
76561197960290814
76561197960298833
76561197960317929
76561197960289363
76561197960299399
76561197960308765
76561197960297199
76561197960320105
76561197960288622
76561197960293715
76561197960315153
76561197960291161
76561197960302519
76561197960295695
76561197960315793
76561197960305311
76561197960309729
76561197960305327
76561197960293182
76561197960298089
76561197960314750
76561197960302580
76561197960302095
76561197960299461
76561197960301146
76561197960306982
76561197960293855
76561197960305977
76561197960305289
76561197960307349
76561197960318514
76561197960316954
76561197960308398
76561197960290724
76561197960297979
76561197960299708
76561197960288653
76561197960299776
76561197960297422
76561197960295982
76561197960304619
76561197960314629
76561197960309331
76561197960288053
76561197960316326
76561197960294236
76561197960306484
76561197960321160
76561197960319610
76561197960310532
76561197960296010
76561197960303639
76561197960316670
76561197960309580
76561197960289576
76561197960314288
76561197960307065
76561197960311446
76561197960311794
76561197960320452
76561197960314220
76561197960320937
76561197960311261
76561197960309155
76561197960298510
76561197960296758
76561197960313703
76561197960296077
76561197960295621
76561197960291737
76561197960315623
76561197960305548
76561197960300204
76561197960297557
76561197960316150
76561197960307679
76561197960309454
76561197960311161
76561197960299701
76561197960320477
76561197960292859
76561197960304671
76561197960292322
76561197960296193
76561197960305156
