76561197960321241
76561197960298797
76561197960293478
76561197960302388
76561197960314779
76561197960290891
76561197960312533
76561197960306713
76561197960315127
76561197960295936
76561197960297343
76561197960312486
76561197960320615
76561197960305136
76561197960291203
76561197960315634
76561197960289540
76561197960292078
76561197960291484
76561197960300691
76561197960290019
76561197960304739
76561197960292384
76561197960316265
76561197960298719
76561197960292043
76561197960320179
76561197960314874
76561197960318594
76561197960314598
76561197960305197
76561197960294759
76561197960290011
76561197960308187
76561197960296267
76561197960291834
76561197960308350
76561197960301975
76561197960320721
76561197960305693
76561197960294151
76561197960296803
76561197960304328
76561197960289921
76561197960304216
76561197960320406
76561197960305774
76561197960289282
76561197960306835
76561197960299535
76561197960296007
76561197960308147
76561197960320940
76561197960316406
76561197960292807
76561197960320807
76561197960304261
76561197960293274
76561197960295217
76561197960302159
76561197960306347
76561197960309067
76561197960303318
76561197960290556
76561197960306752
76561197960314380
76561197960288283
76561197960290040
76561197960309606
76561197960312970
76561197960317661
76561197960304897
76561197960305305
76561197960320059
76561197960295646
76561197960298713
76561197960290154
76561197960292926
76561197960297537
76561197960297178
76561197960305856
76561197960304586
76561197960310482
76561197960307628
76561197960316923
76561197960292581
76561197960320306
76561197960308447
76561197960315076
76561197960311401
76561197960314015
76561197960310706
76561197960296857
76561197960309328
76561197960319227
76561197960297977
76561197960300928
76561197960306498
76561197960311641
76561197960288134
