76561197960290705
76561197960318502
76561197960316465
76561197960305747
76561197960314666
76561197960320639
76561197960302412
76561197960311213
76561197960308543
76561197960313302
76561197960289084
76561197960294340
76561197960315876
76561197960298317
76561197960310733
76561197960315508
76561197960308044
76561197960303041
76561197960320553
76561197960297296
76561197960292218
76561197960319677
76561197960316468
76561197960316238
76561197960299253
76561197960288519
76561197960288642
76561197960295258
76561197960295019
76561197960316700
76561197960310367
76561197960298798
76561197960302340
76561197960293571
76561197960288061
76561197960317280
76561197960314835
76561197960303241
76561197960313075
76561197960321296
76561197960306226
76561197960320588
76561197960313399
76561197960292308
76561197960297279
76561197960316746
76561197960311146
76561197960308681
76561197960304270
76561197960320675
76561197960315457
76561197960292900
76561197960291108
76561197960288629
76561197960319763
76561197960289085
76561197960303726
76561197960296705
76561197960306735
76561197960292913
76561197960314519
76561197960319910
76561197960289074
76561197960292266
76561197960296777
76561197960295594
76561197960312654
76561197960311763
76561197960320260
76561197960294287
76561197960305045
76561197960306640
76561197960315480
76561197960291029
76561197960302931
76561197960290200
76561197960298537
76561197960292562
76561197960296795
76561197960309555
76561197960309282
76561197960304676
76561197960294716
76561197960317473
76561197960300272
76561197960307089
76561197960320276
76561197960307838
76561197960310951
76561197960290481
76561197960294250
76561197960311737
76561197960301038
76561197960308075
76561197960304747
76561197960292249
76561197960305277
76561197960291043
76561197960310771
76561197960314931
