76561197960317534
76561197960298596
76561197960320439
76561197960308838
76561197960320501
76561197960307065
76561197960297979
76561197960307209
76561197960307066
76561197960304561
76561197960318210
76561197960307124
76561197960312202
76561197960309241
76561197960288821
76561197960298089
76561197960316130
76561197960308071
76561197960288622
76561197960299776
76561197960313712
76561197960296193
76561197960309806
76561197960297422
76561197960303659
76561197960309714
76561197960294403
76561197960288663
76561197960302270
76561197960301146
76561197960288653
76561197960311161
76561197960303484
76561197960290963
76561197960312934
76561197960315296
76561197960290337
76561197960299701
76561197960293020
76561197960314750
76561197960311446
76561197960316844
76561197960294342
76561197960310462
76561197960307837
76561197960299113
76561197960288096
76561197960296960
76561197960318792
76561197960319497
76561197960320804
76561197960292322
76561197960307349
76561197960309227
76561197960303691
76561197960295467
76561197960306557
76561197960303778
76561197960312758
76561197960289109
76561197960318094
76561197960306982
76561197960309331
76561197960310959
76561197960299094
76561197960312394
76561197960289796
76561197960319610
76561197960315793
76561197960289441
76561197960308238
76561197960302819
76561197960296311
76561197960315623
76561197960316851
76561197960302133
76561197960301132
76561197960298069
76561197960294852
76561197960312094
76561197960291721
76561197960309559
76561197960294091
76561197960307438
76561197960308949
76561197960293715
76561197960317667
76561197960288031
76561197960308443
76561197960320715
76561197960291356
76561197960314725
76561197960301444
76561197960321507
76561197960301257
76561197960301000
76561197960307898
76561197960319195
76561197960305327
76561197960313514
