76561197960313210
76561197960313461
76561197960313492
76561197960313514
76561197960313631
76561197960313703
76561197960313712
76561197960313799
76561197960313835
76561197960313851
76561197960314168
76561197960314220
76561197960314288
76561197960314379
76561197960314537
76561197960314558
76561197960314629
76561197960314725
76561197960314750
76561197960314854
76561197960314884
76561197960315027
76561197960315036
76561197960315153
76561197960315294
76561197960315296
76561197960315344
76561197960315386
76561197960315450
76561197960315518
76561197960315623
76561197960315681
76561197960315720
76561197960315754
76561197960315793
76561197960315893
76561197960316127
76561197960316130
76561197960316150
76561197960316279
76561197960316295
76561197960316310
76561197960316326
76561197960316353
76561197960316509
76561197960316527
76561197960316670
76561197960316771
76561197960316791
76561197960316798
76561197960316844
76561197960316851
76561197960316875
76561197960316954
76561197960316967
76561197960317057
76561197960317309
76561197960317394
76561197960317435
76561197960317534
76561197960317627
76561197960317667
76561197960317820
76561197960317929
76561197960317947
76561197960317980
76561197960318089
76561197960318094
76561197960318114
76561197960318138
76561197960318140
76561197960318210
76561197960318235
76561197960318373
76561197960318514
76561197960318584
76561197960318629
76561197960318792
76561197960318868
76561197960319018
76561197960319158
76561197960319163
76561197960319195
76561197960319271
76561197960319405
76561197960319411
76561197960319497
76561197960319610
76561197960319715
76561197960319746
76561197960319918
76561197960320105
76561197960320196
76561197960320221
76561197960320393
76561197960320400
76561197960320439
76561197960320452
76561197960320477
76561197960320501
76561197960320564
76561197960320715
76561197960320804
76561197960320900
76561197960320937
76561197960320993
76561197960321118
76561197960321160
76561197960321484
76561197960321507
