76561197960320675
76561197960312421
76561197960299771
76561197960321363
76561197960309597
76561197960320755
76561197960307120
76561197960292707
76561197960320057
76561197960294925
76561197960301855
76561197960302201
76561197960302085
76561197960296181
76561197960296587
76561197960296113
76561197960292657
76561197960308726
76561197960289809
76561197960291887
76561197960292591
76561197960315237
76561197960306494
76561197960289678
76561197960292778
76561197960301344
76561197960295524
76561197960293031
76561197960311528
76561197960320053
76561197960303477
76561197960320405
76561197960293796
76561197960297395
76561197960304140
76561197960293826
76561197960303528
76561197960315266
76561197960299031
76561197960297733
76561197960304268
76561197960303638
76561197960320123
76561197960312797
76561197960312952
76561197960315858
76561197960318037
76561197960291120
76561197960299446
76561197960291210
76561197960310830
76561197960299909
76561197960310482
76561197960292283
76561197960316668
76561197960288386
76561197960312778
76561197960313396
76561197960309596
76561197960313139
76561197960297295
76561197960304251
76561197960296055
76561197960319763
76561197960305947
76561197960303871
76561197960291848
76561197960305949
76561197960290917
76561197960300346
76561197960316389
76561197960294083
76561197960309189
76561197960301265
76561197960295918
76561197960289643
76561197960315507
76561197960303765
76561197960310386
76561197960316820
76561197960294151
76561197960309037
76561197960310085
76561197960297470
76561197960306013
76561197960306713
76561197960289719
76561197960312973
76561197960302238
76561197960296259
76561197960309435
76561197960292227
76561197960321331
76561197960288331
76561197960300176
76561197960314573
76561197960301975
76561197960297747
76561197960293341
76561197960304767
