76561197960313167
76561197960313183
76561197960313196
76561197960313201
76561197960313202
76561197960313208
76561197960313308
76561197960313334
76561197960313357
76561197960313361
76561197960313363
76561197960313365
76561197960313389
76561197960313395
76561197960313469
76561197960313471
76561197960313504
76561197960313523
76561197960313537
76561197960313541
76561197960313615
76561197960313616
76561197960313632
76561197960313643
76561197960313647
76561197960313650
76561197960313671
76561197960313678
76561197960313690
76561197960313693
76561197960313704
76561197960313726
76561197960313744
76561197960313750
76561197960313763
76561197960313774
76561197960313779
76561197960313791
76561197960313793
76561197960313814
76561197960313845
76561197960313859
76561197960313878
76561197960313894
76561197960313903
76561197960313906
76561197960313912
76561197960313923
76561197960313963
76561197960313992
76561197960314009
76561197960314013
76561197960314015
76561197960314064
76561197960314067
76561197960314104
76561197960314117
76561197960314121
76561197960314129
76561197960314159
76561197960314161
76561197960314176
76561197960314200
76561197960314222
76561197960314263
76561197960314278
76561197960314279
76561197960314283
76561197960314300
76561197960314310
76561197960314311
76561197960314323
76561197960314324
76561197960314342
76561197960314362
76561197960314363
76561197960314380
76561197960314384
76561197960314407
76561197960314468
76561197960314492
76561197960314562
76561197960314598
76561197960314600
76561197960314621
76561197960314635
76561197960314649
76561197960314669
76561197960314670
76561197960314672
76561197960314680
76561197960314685
76561197960314700
76561197960314702
76561197960314708
76561197960314727
76561197960314734
76561197960314752
76561197960314758
76561197960314762
76561197960314765
76561197960314779
76561197960314785
76561197960314796
76561197960314846
76561197960314858
76561197960314874
76561197960314878
76561197960314880
76561197960314887
76561197960314891
76561197960314892
76561197960314965
76561197960315001
76561197960315009
76561197960315029
76561197960315030
76561197960315038
76561197960315046
76561197960315055
76561197960315076
76561197960315081
76561197960315110
76561197960315117
76561197960315127
76561197960315136
76561197960315163
76561197960315182
76561197960315201
76561197960315231
76561197960315234
76561197960315269
76561197960315270
76561197960315272
76561197960315327
76561197960315371
76561197960315407
76561197960315418
76561197960315445
76561197960315453
76561197960315496
76561197960315548
76561197960315553
76561197960315565
76561197960315570
76561197960315600
76561197960315617
76561197960315618
76561197960315634
76561197960315647
76561197960315651
76561197960315662
76561197960315673
76561197960315692
76561197960315774
76561197960315776
76561197960315787
76561197960315798
76561197960315799
76561197960315814
76561197960315846
76561197960315864
76561197960315886
76561197960315921
76561197960315922
76561197960315930
76561197960315933
76561197960315943
76561197960315957
76561197960315971
76561197960315975
76561197960315976
76561197960315996
76561197960316002
76561197960316033
76561197960316061
76561197960316062
76561197960316098
76561197960316102
76561197960316122
76561197960316140
76561197960316169
76561197960316173
76561197960316183
76561197960316186
76561197960316205
76561197960316215
76561197960316221
76561197960316241
76561197960316245
76561197960316251
76561197960316257
76561197960316259
76561197960316265
76561197960316281
76561197960316286
76561197960316319
76561197960316339
76561197960316345
76561197960316406
76561197960316418
76561197960316419
76561197960316427
76561197960316428
76561197960316444
76561197960316463
76561197960316472
76561197960316549
76561197960316563
76561197960316564
76561197960316574
76561197960316604
76561197960316610
76561197960316615
76561197960316621
76561197960316627
76561197960316649
76561197960316692
76561197960316693
76561197960316708
76561197960316722
76561197960316724
76561197960316741
76561197960316749
76561197960316772
76561197960316781
76561197960316802
76561197960316806
76561197960316818
76561197960316840
76561197960316867
76561197960316878
76561197960316899
76561197960316916
76561197960316923
76561197960316924
76561197960316925
76561197960316952
76561197960316968
76561197960316999
76561197960317004
76561197960317017
76561197960317035
76561197960317071
76561197960317085
76561197960317099
76561197960317107
76561197960317120
76561197960317170
76561197960317171
76561197960317188
76561197960317189
76561197960317195
76561197960317224
76561197960317225
76561197960317231
76561197960317232
76561197960317234
76561197960317236
76561197960317246
76561197960317263
76561197960317285
76561197960317287
76561197960317291
76561197960317302
76561197960317322
76561197960317351
76561197960317364
76561197960317374
76561197960317382
76561197960317422
76561197960317423
76561197960317439
76561197960317451
76561197960317471
76561197960317479
76561197960317493
76561197960317506
76561197960317511
76561197960317522
76561197960317527
76561197960317544
76561197960317557
76561197960317595
76561197960317604
76561197960317620
76561197960317637
76561197960317661
76561197960317679
76561197960317684
76561197960317693
76561197960317713
76561197960317727
76561197960317744
76561197960317792
76561197960317793
76561197960317825
76561197960317828
76561197960317870
76561197960317882
76561197960317891
76561197960317921
76561197960317953
76561197960317999
76561197960318007
76561197960318014
76561197960318020
76561197960318039
76561197960318041
76561197960318078
76561197960318082
76561197960318092
76561197960318105
76561197960318137
76561197960318142
76561197960318150
76561197960318185
76561197960318228
76561197960318234
76561197960318257
76561197960318263
76561197960318269
76561197960318278
76561197960318283
76561197960318292
76561197960318317
76561197960318322
76561197960318359
76561197960318366
76561197960318379
76561197960318397
76561197960318402
76561197960318422
76561197960318423
76561197960318433
76561197960318434
76561197960318440
76561197960318444
76561197960318477
76561197960318479
76561197960318509
76561197960318523
76561197960318540
76561197960318544
76561197960318547
76561197960318551
76561197960318552
76561197960318562
76561197960318570
76561197960318577
76561197960318594
76561197960318595
76561197960318601
76561197960318602
76561197960318610
76561197960318623
76561197960318636
76561197960318642
76561197960318644
76561197960318661
76561197960318666
76561197960318671
76561197960318686
76561197960318691
76561197960318702
76561197960318714
76561197960318717
76561197960318751
76561197960318764
76561197960318798
76561197960318822
76561197960318848
76561197960318859
76561197960318885
76561197960318890
76561197960318898
76561197960318942
76561197960318948
76561197960318965
76561197960318983
76561197960319007
76561197960319049
76561197960319059
76561197960319082
76561197960319088
76561197960319104
76561197960319107
76561197960319108
76561197960319136
76561197960319140
76561197960319151
76561197960319161
76561197960319171
76561197960319176
76561197960319227
76561197960319275
76561197960319276
76561197960319293
76561197960319327
76561197960319342
76561197960319404
76561197960319432
76561197960319437
76561197960319444
76561197960319449
76561197960319456
76561197960319499
76561197960319522
76561197960319527
76561197960319529
76561197960319532
76561197960319538
76561197960319555
76561197960319561
76561197960319562
76561197960319570
76561197960319579
76561197960319650
76561197960319654
76561197960319659
76561197960319669
76561197960319741
76561197960319743
76561197960319744
76561197960319757
76561197960319787
76561197960319789
76561197960319801
76561197960319812
76561197960319865
76561197960319889
76561197960319896
76561197960319935
76561197960319939
76561197960319940
76561197960319968
76561197960319981
76561197960320000
76561197960320001
76561197960320025
76561197960320032
76561197960320038
76561197960320054
76561197960320059
76561197960320091
76561197960320095
76561197960320103
76561197960320111
76561197960320131
76561197960320151
76561197960320152
76561197960320173
76561197960320179
76561197960320182
76561197960320191
76561197960320220
76561197960320231
76561197960320245
76561197960320272
76561197960320306
76561197960320326
76561197960320371
76561197960320383
76561197960320385
76561197960320388
76561197960320406
76561197960320419
76561197960320451
76561197960320460
76561197960320494
76561197960320517
76561197960320528
76561197960320568
76561197960320577
76561197960320586
76561197960320604
76561197960320606
76561197960320615
76561197960320641
76561197960320683
76561197960320702
76561197960320721
76561197960320724
76561197960320734
76561197960320745
76561197960320752
76561197960320758
76561197960320768
76561197960320772
76561197960320780
76561197960320783
76561197960320786
76561197960320793
76561197960320797
76561197960320802
76561197960320807
76561197960320822
76561197960320824
76561197960320849
76561197960320897
76561197960320921
76561197960320927
76561197960320933
76561197960320939
76561197960320940
76561197960320954
76561197960320964
76561197960320968
76561197960320977
76561197960320985
76561197960321005
76561197960321006
76561197960321049
76561197960321064
76561197960321080
76561197960321130
76561197960321136
76561197960321140
76561197960321141
76561197960321144
76561197960321161
76561197960321166
76561197960321180
76561197960321182
76561197960321194
76561197960321227
76561197960321241
76561197960321247
76561197960321251
76561197960321292
76561197960321299
76561197960321320
76561197960321340
76561197960321358
76561197960321372
76561197960321373
76561197960321434
76561197960321455
76561197960321458
76561197960321469
76561197960321499
76561197960321501
76561197960321517
76561197960321623
76561197960321628
76561197960321630
76561197960321635
76561197960321650
76561197960321651
76561197960321656
