76561197960291247
76561197960297012
76561197960317595
76561197960300906
76561197960314279
76561197960317620
76561197960316692
76561197960315371
76561197960317891
76561197960312367
76561197960317017
76561197960289601
76561197960315673
76561197960302045
76561197960289124
76561197960318570
76561197960309856
76561197960319532
76561197960319561
76561197960289623
76561197960293768
76561197960300606
76561197960317792
76561197960295451
76561197960317637
76561197960302189
76561197960292162
76561197960308641
76561197960304825
76561197960300748
76561197960317287
76561197960294606
76561197960311862
76561197960319801
76561197960320231
76561197960314708
76561197960306975
76561197960318509
76561197960300195
76561197960304752
76561197960312621
76561197960289537
76561197960316649
76561197960294611
76561197960318322
76561197960305443
76561197960312303
76561197960312183
76561197960309674
76561197960289999
76561197960292868
76561197960316186
76561197960291330
76561197960308229
76561197960316257
76561197960291029
76561197960314892
76561197960300659
76561197960310179
76561197960310193
76561197960306305
76561197960288601
76561197960316122
76561197960320528
76561197960316319
76561197960298573
76561197960312668
76561197960307292
76561197960317921
76561197960305045
76561197960308046
76561197960316925
76561197960292535
76561197960291358
76561197960313845
76561197960317099
76561197960292762
76561197960312843
76561197960315030
76561197960298446
76561197960288618
76561197960297296
76561197960321656
76561197960311448
76561197960320460
76561197960309707
76561197960288629
76561197960292249
76561197960291224
76561197960321130
76561197960321166
76561197960298798
76561197960320586
76561197960309734
76561197960317302
76561197960302467
76561197960291043
76561197960294286
76561197960315886
76561197960318965
