76561197960287951
76561197960288017
76561197960288026
76561197960288051
76561197960288061
76561197960288075
76561197960288137
76561197960288146
76561197960288169
76561197960288223
76561197960288254
76561197960288315
76561197960288350
76561197960288377
76561197960288389
76561197960288395
76561197960288396
76561197960288519
76561197960288575
76561197960288601
76561197960288605
76561197960288618
76561197960288629
76561197960288642
76561197960288669
76561197960288675
76561197960288692
76561197960288703
76561197960288735
76561197960288750
76561197960288751
76561197960288759
76561197960288790
76561197960288803
76561197960288893
